494 111 429 427 157 478 385 408 442 332 138 457
179 428 192 211 200 51 385 181 451 129 226 153
334 160 444 243 311 99 56 319 97 445 60 430
108 469 384 331 118 464 125 481 196 244 75 40
490 39 355 425 382 130 279 84 25 450 7 275
496 299 297 484 239 162 363 274 174 8 364 463
285 87 229 58 40 246 334 478 167 19 293 414
184 189 243 132 226 116 279 258 365 201 398 358
168 269 98 189 461 426 52 394 83 38 313 325
372 78 221 192 350 224 440 390 66 429 226 282


1.00 0.22 0.87 0.86 0.32 0.97 0.78 0.83 0.89 0.67 0.28 0.93
0.40 0.95 0.43 0.47 0.44 0.11 0.85 0.40 1.00 0.29 0.50 0.34
0.75 0.36 1.00 0.55 0.70 0.22 0.13 0.72 0.22 1.00 0.13 0.97
0.22 0.98 0.80 0.69 0.25 0.96 0.26 1.00 0.41 0.51 0.16 0.08
1.00 0.08 0.72 0.87 0.78 0.27 0.57 0.17 0.05 0.92 0.01 0.56
1.00 0.60 0.60 0.98 0.48 0.33 0.73 0.55 0.35 0.02 0.73 0.93
0.60 0.18 0.48 0.12 0.08 0.51 0.70 1.00 0.35 0.04 0.61 0.87
0.46 0.47 0.61 0.33 0.57 0.29 0.70 0.65 0.92 0.51 1.00 0.90
0.36 0.58 0.21 0.41 1.00 0.92 0.11 0.85 0.18 0.08 0.68 0.70
0.85 0.18 0.50 0.44 0.80 0.51 1.00 0.89 0.15 0.97 0.51 0.64
